------------------------------------------------------------------------------------------------------------------------
Vector testing report
Params:

Collected 105 files with 0 errors

------------------------------------------------------------------------------------------------------------------------
Metric: "accuracy"
                                                                     scores_valid                                                                                                                                  
                                                                             mean  t_pm t_int_l t_int_h   std                           values    t_f_stat t_f_alpha t_t_stat t_t_alpha t_delta t_delta_pm t_delta_l t_delta_h t_delta_pp t_delta_pm_pp t_delta_l_pp t_delta_h_pp
model_name feature_name                                                                                                                                                                                            
lgbm       cpc_baseline__batch_size_40__freeze_url_false__epoches_10        0.325 0.000   0.325   0.325 0.000  [0.325 0.325 0.325 0.325 0.325] 1465547.671     1.000   -3.463     0.000  -0.014      0.008    -0.023    -0.006     -4.243         2.428       -6.671       -1.814
           cpc_baseline__batch_size_40__freeze_url_false__epoches_20        0.325 0.000   0.325   0.325 0.000  [0.325 0.325 0.325 0.325 0.325] 1465547.671     1.000   -3.463     0.000  -0.014      0.008    -0.023    -0.006     -4.243         2.428       -6.671       -1.814
           cpc_baseline__batch_size_40__freeze_url_false__epoches_30        0.325 0.000   0.325   0.325 0.000  [0.325 0.325 0.325 0.325 0.325] 1465547.671     1.000   -3.463     0.000  -0.014      0.008    -0.023    -0.006     -4.243         2.428       -6.671       -1.814
           cpc_baseline__batch_size_40__freeze_url_false__epoches_40        0.325 0.000   0.325   0.325 0.000  [0.325 0.325 0.325 0.325 0.325] 1465547.671     1.000   -3.463     0.000  -0.014      0.008    -0.023    -0.006     -4.243         2.428       -6.671       -1.814
           cpc_baseline__batch_size_40__freeze_url_false__epoches_50        0.325 0.000   0.325   0.325 0.000  [0.325 0.325 0.325 0.325 0.325] 1465547.671     1.000   -3.463     0.000  -0.014      0.008    -0.023    -0.006     -4.243         2.428       -6.671       -1.814
           cpc_baseline__batch_size_40__freeze_url_false__epoches_60        0.325 0.000   0.325   0.325 0.000  [0.325 0.325 0.325 0.325 0.325] 1465547.671     1.000   -3.463     0.000  -0.014      0.008    -0.023    -0.006     -4.243         2.428       -6.671       -1.814
                                                                     scores_test                                                                                                                                   
                                                                            mean  t_pm t_int_l t_int_h   std                           values t_f_stat t_f_alpha t_t_stat t_t_alpha t_delta t_delta_pm t_delta_l t_delta_h t_delta_pp t_delta_pm_pp t_delta_l_pp t_delta_h_pp
model_name feature_name                                                                                                                                                                                            
lgbm       cpc_baseline__batch_size_40__freeze_url_false__epoches_10       0.322 0.000   0.322   0.322 0.000  [0.322 0.322 0.322 0.322 0.322]      inf     1.000   -3.476     0.000  -0.016      0.009    -0.025    -0.007     -4.731         2.698       -7.428       -2.033
           cpc_baseline__batch_size_40__freeze_url_false__epoches_20       0.322 0.000   0.322   0.322 0.000  [0.322 0.322 0.322 0.322 0.322]      inf     1.000   -3.476     0.000  -0.016      0.009    -0.025    -0.007     -4.731         2.698       -7.428       -2.033
           cpc_baseline__batch_size_40__freeze_url_false__epoches_30       0.322 0.000   0.322   0.322 0.000  [0.322 0.322 0.322 0.322 0.322]      inf     1.000   -3.476     0.000  -0.016      0.009    -0.025    -0.007     -4.731         2.698       -7.428       -2.033
           cpc_baseline__batch_size_40__freeze_url_false__epoches_40       0.322 0.000   0.322   0.322 0.000  [0.322 0.322 0.322 0.322 0.322]      inf     1.000   -3.476     0.000  -0.016      0.009    -0.025    -0.007     -4.731         2.698       -7.428       -2.033
           cpc_baseline__batch_size_40__freeze_url_false__epoches_50       0.322 0.000   0.322   0.322 0.000  [0.322 0.322 0.322 0.322 0.322]      inf     1.000   -3.476     0.000  -0.016      0.009    -0.025    -0.007     -4.731         2.698       -7.428       -2.033
           cpc_baseline__batch_size_40__freeze_url_false__epoches_60       0.322 0.000   0.322   0.322 0.000  [0.322 0.322 0.322 0.322 0.322]      inf     1.000   -3.476     0.000  -0.016      0.009    -0.025    -0.007     -4.731         2.698       -7.428       -2.033

------------------------------------------------------------------------------------------------------------------------
End of report.     Current time: 2025-02-13 15:51:16
------------------------------------------------------------------------------------------------------------------------