------------------------------------------------------------------------------------------------------------------------
Vector testing report
Params:

Collected 105 files with 0 errors

------------------------------------------------------------------------------------------------------------------------
Metric: "accuracy"
                                                                     scores_valid                                                                                                                                  
                                                                             mean  t_pm t_int_l t_int_h   std                           values    t_f_stat t_f_alpha t_t_stat t_t_alpha t_delta t_delta_pm t_delta_l t_delta_h t_delta_pp t_delta_pm_pp t_delta_l_pp t_delta_h_pp
model_name feature_name                                                                                                                                                                                            
lgbm       cpc_baseline__batch_size_40__freeze_url_false__epoches_10        0.512 0.000   0.512   0.512 0.000  [0.512 0.512 0.512 0.512 0.512] 5160235.352     1.000   -3.472     0.000  -0.031      0.018    -0.049    -0.013     -5.755         3.285       -9.040       -2.470
           cpc_baseline__batch_size_40__freeze_url_false__epoches_20        0.512 0.000   0.512   0.512 0.000  [0.512 0.512 0.512 0.512 0.512] 5160235.352     1.000   -3.472     0.000  -0.031      0.018    -0.049    -0.013     -5.755         3.285       -9.040       -2.470
           cpc_baseline__batch_size_40__freeze_url_false__epoches_30        0.512 0.000   0.512   0.512 0.000  [0.512 0.512 0.512 0.512 0.512] 5160235.352     1.000   -3.472     0.000  -0.031      0.018    -0.049    -0.013     -5.755         3.285       -9.040       -2.470
           cpc_baseline__batch_size_40__freeze_url_false__epoches_40        0.512 0.000   0.512   0.512 0.000  [0.512 0.512 0.512 0.512 0.512] 5160235.352     1.000   -3.472     0.000  -0.031      0.018    -0.049    -0.013     -5.755         3.285       -9.040       -2.470
           cpc_baseline__batch_size_40__freeze_url_false__epoches_50        0.512 0.000   0.512   0.512 0.000  [0.512 0.512 0.512 0.512 0.512] 5160235.352     1.000   -3.472     0.000  -0.031      0.018    -0.049    -0.013     -5.755         3.285       -9.040       -2.470
           cpc_baseline__batch_size_40__freeze_url_false__epoches_60        0.512 0.000   0.512   0.512 0.000  [0.512 0.512 0.512 0.512 0.512] 5160235.352     1.000   -3.472     0.000  -0.031      0.018    -0.049    -0.013     -5.755         3.285       -9.040       -2.470
           cpc_baseline__batch_size_40__freeze_url_false__epoches_150       0.512 0.000   0.512   0.512 0.000  [0.512 0.512 0.512 0.512 0.512] 4510593.665     1.000   -8.521     0.000  -0.072      0.017    -0.089    -0.055    -12.301         2.871      -15.172       -9.430
                                                                     scores_test                                                                                                                                   
                                                                            mean  t_pm t_int_l t_int_h   std                           values t_f_stat t_f_alpha t_t_stat t_t_alpha t_delta t_delta_pm t_delta_l t_delta_h t_delta_pp t_delta_pm_pp t_delta_l_pp t_delta_h_pp
model_name feature_name                                                                                                                                                                                            
lgbm       cpc_baseline__batch_size_40__freeze_url_false__epoches_10       0.512 0.000   0.512   0.512 0.000  [0.512 0.512 0.512 0.512 0.512]      inf     1.000   -3.483     0.000  -0.032      0.018    -0.050    -0.014     -5.899         3.357       -9.256       -2.542
           cpc_baseline__batch_size_40__freeze_url_false__epoches_20       0.512 0.000   0.512   0.512 0.000  [0.512 0.512 0.512 0.512 0.512]      inf     1.000   -3.483     0.000  -0.032      0.018    -0.050    -0.014     -5.899         3.357       -9.256       -2.542
           cpc_baseline__batch_size_40__freeze_url_false__epoches_30       0.512 0.000   0.512   0.512 0.000  [0.512 0.512 0.512 0.512 0.512]      inf     1.000   -3.483     0.000  -0.032      0.018    -0.050    -0.014     -5.899         3.357       -9.256       -2.542
           cpc_baseline__batch_size_40__freeze_url_false__epoches_40       0.512 0.000   0.512   0.512 0.000  [0.512 0.512 0.512 0.512 0.512]      inf     1.000   -3.483     0.000  -0.032      0.018    -0.050    -0.014     -5.899         3.357       -9.256       -2.542
           cpc_baseline__batch_size_40__freeze_url_false__epoches_50       0.512 0.000   0.512   0.512 0.000  [0.512 0.512 0.512 0.512 0.512]      inf     1.000   -3.483     0.000  -0.032      0.018    -0.050    -0.014     -5.899         3.357       -9.256       -2.542
           cpc_baseline__batch_size_40__freeze_url_false__epoches_60       0.512 0.000   0.512   0.512 0.000  [0.512 0.512 0.512 0.512 0.512]      inf     1.000   -3.483     0.000  -0.032      0.018    -0.050    -0.014     -5.899         3.357       -9.256       -2.542
           cpc_baseline__batch_size_40__freeze_url_false__epoches_150      0.512 0.000   0.512   0.512 0.000  [0.512 0.512 0.512 0.512 0.512]      inf     1.000   -8.498     0.000  -0.070      0.016    -0.086    -0.053    -11.987         2.806      -14.793       -9.182
------------------------------------------------------------------------------------------------------------------------
End of report.     Current time: 2025-02-13 15:31:44
------------------------------------------------------------------------------------------------------------------------