------------------------------------------------------------------------------------------------------------------------
Vector testing report
Params:

Collected 105 files with 0 errors

------------------------------------------------------------------------------------------------------------------------
Metric: "accuracy"
                                                                     scores_valid                                                                                                                                  
                                                                             mean  t_pm t_int_l t_int_h   std                           values    t_f_stat t_f_alpha t_t_stat t_t_alpha t_delta t_delta_pm t_delta_l t_delta_h t_delta_pp t_delta_pm_pp t_delta_l_pp t_delta_h_pp
model_name feature_name                                                                                                                                                                                            
lgbm       barlow__batch_size_40__freeze_url_false__epoches_10              0.343 0.002   0.341   0.345 0.002  [0.343 0.342 0.342 0.342 0.345]      33.288     0.998    0.850     0.801   0.004      0.008    -0.005     0.012      1.042         2.430       -1.387        3.472
           barlow__batch_size_40__freeze_url_false__epoches_100             0.345 0.001   0.344   0.347 0.001  [0.347 0.345 0.346 0.343 0.345]      61.501     0.999    1.432     0.922   0.006      0.008    -0.002     0.014      1.755         2.429       -0.674        4.184
           barlow__batch_size_40__freeze_url_false__epoches_110             0.345 0.002   0.343   0.347 0.002  [0.345 0.346 0.344 0.344 0.347]      36.506     0.999    1.484     0.930   0.006      0.008    -0.002     0.014      1.819         2.429       -0.610        4.249
           barlow__batch_size_40__freeze_url_false__epoches_120             0.346 0.003   0.343   0.349 0.002  [0.346 0.348 0.344 0.344 0.349]      18.015     0.994    1.689     0.953   0.007      0.008    -0.001     0.015      2.072         2.431       -0.359        4.502
           barlow__batch_size_40__freeze_url_false__epoches_130             0.346 0.002   0.344   0.348 0.002  [0.347 0.346 0.344 0.345 0.348]      31.620     0.998    1.676     0.952   0.007      0.008    -0.001     0.015      2.055         2.430       -0.375        4.484
           barlow__batch_size_40__freeze_url_false__epoches_140             0.346 0.002   0.345   0.348 0.001  [0.346 0.347 0.346 0.344 0.348]      50.148     0.999    1.703     0.954   0.007      0.008    -0.001     0.015      2.087         2.429       -0.342        4.517
           barlow__batch_size_40__freeze_url_false__epoches_150             0.346 0.002   0.344   0.348 0.002  [0.348 0.345 0.347 0.344 0.347]      36.314     0.999    1.696     0.954   0.007      0.008    -0.001     0.015      2.079         2.429       -0.351        4.508
           barlow__batch_size_40__freeze_url_false__epoches_20              0.343 0.001   0.343   0.344 0.001  [0.344 0.343 0.343 0.343 0.345]     181.543     1.000    1.042     0.850   0.004      0.008    -0.004     0.013      1.276         2.428       -1.152        3.704
           barlow__batch_size_40__freeze_url_false__epoches_30              0.344 0.002   0.343   0.346 0.001  [0.343 0.346 0.344 0.343 0.346]      49.030     0.999    1.267     0.896   0.005      0.008    -0.003     0.014      1.553         2.429       -0.877        3.982
           barlow__batch_size_40__freeze_url_false__epoches_40              0.344 0.001   0.342   0.345 0.001  [0.344 0.345 0.343 0.342 0.345]      60.283     0.999    1.121     0.868   0.005      0.008    -0.004     0.013      1.373         2.429       -1.055        3.802
           barlow__batch_size_40__freeze_url_false__epoches_50              0.344 0.001   0.343   0.345 0.001  [0.344 0.346 0.343 0.344 0.345]      89.569     1.000    1.227     0.889   0.005      0.008    -0.003     0.013      1.504         2.429       -0.925        3.933
           barlow__batch_size_40__freeze_url_false__epoches_60              0.345 0.002   0.343   0.347 0.001  [0.345 0.346 0.343 0.344 0.346]      47.145     0.999    1.366     0.913   0.006      0.008    -0.003     0.014      1.674         2.429       -0.755        4.104
           barlow__batch_size_40__freeze_url_false__epoches_70              0.344 0.002   0.343   0.346 0.001  [0.346 0.345 0.343 0.343 0.345]      58.087     0.999    1.257     0.894   0.005      0.008    -0.003     0.013      1.540         2.429       -0.889        3.969
           barlow__batch_size_40__freeze_url_false__epoches_80              0.345 0.002   0.343   0.347 0.002  [0.344 0.347 0.343 0.343 0.347]      23.711     0.997    1.404     0.918   0.006      0.008    -0.002     0.014      1.721         2.430       -0.709        4.151
           barlow__batch_size_40__freeze_url_false__epoches_90              0.346 0.001   0.345   0.347 0.001  [0.345 0.345 0.346 0.345 0.347]     147.378     1.000    1.556     0.939   0.006      0.008    -0.002     0.015      1.906         2.428       -0.523        4.334
                                                                     scores_test                                                                                                                                   
                                                                            mean  t_pm t_int_l t_int_h   std                           values t_f_stat t_f_alpha t_t_stat t_t_alpha t_delta t_delta_pm t_delta_l t_delta_h t_delta_pp t_delta_pm_pp t_delta_l_pp t_delta_h_pp
model_name feature_name                                                                                                                                                                                            
lgbm       barlow__batch_size_40__freeze_url_false__epoches_10             0.343 0.002   0.341   0.345 0.001  [0.342 0.345 0.343 0.342 0.343]   57.072     0.999    1.048     0.851   0.005      0.009    -0.004     0.014      1.427         2.699       -1.272        4.125
           barlow__batch_size_40__freeze_url_false__epoches_100            0.346 0.001   0.345   0.347 0.001  [0.345 0.347 0.346 0.345 0.345]  122.250     1.000    1.626     0.947   0.007      0.009    -0.002     0.017      2.214         2.698       -0.485        4.912
           barlow__batch_size_40__freeze_url_false__epoches_110            0.344 0.002   0.342   0.346 0.002  [0.344 0.347 0.344 0.342 0.344]   37.434     0.999    1.301     0.902   0.006      0.009    -0.003     0.015      1.772         2.699       -0.927        4.471
           barlow__batch_size_40__freeze_url_false__epoches_120            0.345 0.002   0.342   0.347 0.002  [0.345 0.347 0.345 0.344 0.342]   30.264     0.998    1.364     0.912   0.006      0.009    -0.003     0.015      1.857         2.700       -0.842        4.557
           barlow__batch_size_40__freeze_url_false__epoches_130            0.345 0.002   0.343   0.346 0.001  [0.343 0.346 0.346 0.345 0.344]   57.718     0.999    1.406     0.919   0.006      0.009    -0.003     0.016      1.915         2.699       -0.784        4.613
           barlow__batch_size_40__freeze_url_false__epoches_140            0.346 0.002   0.344   0.348 0.002  [0.345 0.348 0.345 0.344 0.347]   38.930     0.999    1.616     0.945   0.007      0.009    -0.002     0.017      2.200         2.699       -0.499        4.900
           barlow__batch_size_40__freeze_url_false__epoches_150            0.345 0.002   0.343   0.347 0.001  [0.344 0.347 0.345 0.343 0.345]   53.260     0.999    1.466     0.927   0.007      0.009    -0.002     0.016      1.996         2.699       -0.703        4.695
           barlow__batch_size_40__freeze_url_false__epoches_20             0.344 0.003   0.341   0.346 0.002  [0.343 0.346 0.345 0.340 0.344]   22.605     0.996    1.181     0.880   0.005      0.009    -0.004     0.015      1.609         2.700       -1.091        4.309
           barlow__batch_size_40__freeze_url_false__epoches_30             0.343 0.001   0.342   0.344 0.001  [0.342 0.344 0.344 0.342 0.343]  125.562     1.000    1.043     0.850   0.005      0.009    -0.004     0.014      1.420         2.698       -1.278        4.118
           barlow__batch_size_40__freeze_url_false__epoches_40             0.345 0.002   0.343   0.347 0.002  [0.344 0.347 0.344 0.344 0.343]   42.441     0.999    1.396     0.917   0.006      0.009    -0.003     0.016      1.901         2.699       -0.798        4.600
           barlow__batch_size_40__freeze_url_false__epoches_50             0.345 0.002   0.343   0.347 0.001  [0.344 0.345 0.347 0.344 0.344]   53.534     0.999    1.432     0.922   0.007      0.009    -0.003     0.016      1.950         2.699       -0.749        4.649
           barlow__batch_size_40__freeze_url_false__epoches_60             0.345 0.002   0.343   0.346 0.001  [0.345 0.347 0.345 0.343 0.344]   66.710     1.000    1.422     0.921   0.007      0.009    -0.003     0.016      1.937         2.699       -0.762        4.635
           barlow__batch_size_40__freeze_url_false__epoches_70             0.345 0.002   0.343   0.347 0.001  [0.344 0.345 0.347 0.343 0.345]   57.731     0.999    1.442     0.924   0.007      0.009    -0.002     0.016      1.963         2.699       -0.736        4.662
           barlow__batch_size_40__freeze_url_false__epoches_80             0.346 0.001   0.345   0.347 0.001  [0.346 0.346 0.344 0.346 0.346]  206.361     1.000    1.617     0.946   0.007      0.009    -0.002     0.017      2.200         2.698       -0.498        4.898
           barlow__batch_size_40__freeze_url_false__epoches_90             0.345 0.001   0.344   0.346 0.001  [0.344 0.347 0.345 0.344 0.346]   90.880     1.000    1.486     0.930   0.007      0.009    -0.002     0.016      2.022         2.698       -0.676        4.721

------------------------------------------------------------------------------------------------------------------------
End of report.     Current time: 2025-02-13 15:51:16
------------------------------------------------------------------------------------------------------------------------