------------------------------------------------------------------------------------------------------------------------
Vector testing report
Params:

Collected 105 files with 0 errors

------------------------------------------------------------------------------------------------------------------------
Metric: "accuracy"
                                                                     scores_valid                                                                                                                                  
                                                                             mean  t_pm t_int_l t_int_h   std                           values    t_f_stat t_f_alpha t_t_stat t_t_alpha t_delta t_delta_pm t_delta_l t_delta_h t_delta_pp t_delta_pm_pp t_delta_l_pp t_delta_h_pp
model_name feature_name                                                                                                                                                                                            
lgbm       barlow__batch_size_40__freeze_url_false__epoches_10              0.551 0.002   0.549   0.553 0.002  [0.551 0.548 0.551 0.553 0.551]     118.902     1.000    0.865     0.805   0.008      0.018    -0.010     0.026      1.433         3.286       -1.852        4.719
           barlow__batch_size_40__freeze_url_false__epoches_100             0.557 0.004   0.553   0.560 0.003  [0.555 0.556 0.561 0.558 0.553]      47.996     0.999    1.482     0.929   0.013      0.018    -0.005     0.031      2.457         3.286       -0.830        5.743
           barlow__batch_size_40__freeze_url_false__epoches_110             0.558 0.003   0.555   0.561 0.002  [0.554 0.557 0.560 0.559 0.557]      68.531     1.000    1.591     0.943   0.014      0.018    -0.004     0.032      2.637         3.286       -0.649        5.923
           barlow__batch_size_40__freeze_url_false__epoches_120             0.557 0.004   0.553   0.560 0.003  [0.552 0.556 0.560 0.559 0.556]      45.019     0.999    1.503     0.932   0.014      0.018    -0.004     0.031      2.493         3.287       -0.794        5.779
           barlow__batch_size_40__freeze_url_false__epoches_130             0.557 0.003   0.555   0.560 0.002  [0.555 0.556 0.560 0.559 0.557]      92.447     1.000    1.546     0.937   0.014      0.018    -0.004     0.032      2.563         3.286       -0.723        5.849
           barlow__batch_size_40__freeze_url_false__epoches_140             0.558 0.003   0.555   0.560 0.002  [0.556 0.557 0.560 0.560 0.557]      97.254     1.000    1.641     0.948   0.015      0.018    -0.003     0.033      2.720         3.286       -0.566        6.006
           barlow__batch_size_40__freeze_url_false__epoches_150             0.557 0.004   0.553   0.561 0.003  [0.553 0.556 0.562 0.559 0.556]      34.852     0.998    1.562     0.939   0.014      0.018    -0.004     0.032      2.591         3.287       -0.696        5.878
           barlow__batch_size_40__freeze_url_false__epoches_20              0.552 0.002   0.550   0.554 0.002  [0.551 0.550 0.554 0.553 0.552]     156.299     1.000    0.988     0.837   0.009      0.018    -0.009     0.027      1.637         3.286       -1.648        4.923
           barlow__batch_size_40__freeze_url_false__epoches_30              0.553 0.003   0.550   0.557 0.003  [0.550 0.551 0.555 0.556 0.554]      55.518     0.999    1.113     0.866   0.010      0.018    -0.008     0.028      1.845         3.286       -1.441        5.131
           barlow__batch_size_40__freeze_url_false__epoches_40              0.555 0.003   0.552   0.558 0.002  [0.552 0.555 0.557 0.557 0.554]      76.250     1.000    1.298     0.901   0.012      0.018    -0.006     0.030      2.151         3.286       -1.135        5.437
           barlow__batch_size_40__freeze_url_false__epoches_50              0.556 0.004   0.552   0.560 0.003  [0.551 0.555 0.559 0.559 0.556]      38.215     0.999    1.432     0.923   0.013      0.018    -0.005     0.031      2.375         3.287       -0.912        5.662
           barlow__batch_size_40__freeze_url_false__epoches_60              0.555 0.004   0.551   0.559 0.003  [0.551 0.555 0.558 0.559 0.554]      37.648     0.999    1.338     0.908   0.012      0.018    -0.006     0.030      2.218         3.287       -1.069        5.505
           barlow__batch_size_40__freeze_url_false__epoches_70              0.556 0.004   0.552   0.560 0.003  [0.553 0.555 0.560 0.559 0.554]      42.350     0.999    1.431     0.922   0.013      0.018    -0.005     0.031      2.373         3.287       -0.914        5.659
           barlow__batch_size_40__freeze_url_false__epoches_80              0.557 0.003   0.553   0.560 0.003  [0.553 0.557 0.560 0.559 0.555]      51.785     0.999    1.517     0.934   0.014      0.018    -0.004     0.032      2.516         3.286       -0.771        5.802
           barlow__batch_size_40__freeze_url_false__epoches_90              0.557 0.004   0.553   0.560 0.003  [0.553 0.557 0.560 0.559 0.556]      48.451     0.999    1.520     0.934   0.014      0.018    -0.004     0.032      2.520         3.286       -0.766        5.807
                                                                     scores_test                                                                                                                                   
                                                                            mean  t_pm t_int_l t_int_h   std                           values t_f_stat t_f_alpha t_t_stat t_t_alpha t_delta t_delta_pm t_delta_l t_delta_h t_delta_pp t_delta_pm_pp t_delta_l_pp t_delta_h_pp
model_name feature_name                                                                                                                                                                                            
lgbm       barlow__batch_size_40__freeze_url_false__epoches_10             0.553 0.002   0.551   0.555 0.001  [0.554 0.553 0.551 0.554 0.553]  197.893     1.000    0.915     0.819   0.008      0.018    -0.010     0.027      1.549         3.358       -1.808        4.907
           barlow__batch_size_40__freeze_url_false__epoches_100            0.559 0.003   0.556   0.562 0.002  [0.558 0.562 0.559 0.559 0.556]   81.559     1.000    1.536     0.936   0.014      0.018    -0.004     0.032      2.601         3.358       -0.757        5.959
           barlow__batch_size_40__freeze_url_false__epoches_110            0.559 0.002   0.557   0.561 0.002  [0.558 0.562 0.559 0.557 0.560]  152.518     1.000    1.595     0.943   0.015      0.018    -0.004     0.033      2.701         3.358       -0.656        6.059
           barlow__batch_size_40__freeze_url_false__epoches_120            0.559 0.002   0.557   0.561 0.002  [0.558 0.562 0.559 0.559 0.558]  147.920     1.000    1.566     0.940   0.014      0.018    -0.004     0.033      2.653         3.358       -0.705        6.010
           barlow__batch_size_40__freeze_url_false__epoches_130            0.559 0.004   0.555   0.562 0.003  [0.556 0.564 0.558 0.559 0.557]   45.598     0.999    1.530     0.936   0.014      0.018    -0.004     0.032      2.593         3.359       -0.766        5.952
           barlow__batch_size_40__freeze_url_false__epoches_140            0.559 0.001   0.557   0.560 0.001  [0.559 0.560 0.560 0.557 0.559]  296.869     1.000    1.542     0.937   0.014      0.018    -0.004     0.033      2.612         3.357       -0.745        5.970
           barlow__batch_size_40__freeze_url_false__epoches_150            0.558 0.002   0.556   0.561 0.002  [0.558 0.561 0.556 0.557 0.558]  118.855     1.000    1.473     0.928   0.014      0.018    -0.005     0.032      2.496         3.358       -0.862        5.853
           barlow__batch_size_40__freeze_url_false__epoches_20             0.554 0.001   0.553   0.556 0.001  [0.555 0.555 0.552 0.555 0.554]  320.772     1.000    1.037     0.849   0.010      0.018    -0.009     0.028      1.756         3.357       -1.601        5.114
           barlow__batch_size_40__freeze_url_false__epoches_30             0.554 0.001   0.552   0.555 0.001  [0.554 0.554 0.553 0.552 0.554]  290.684     1.000    0.966     0.832   0.009      0.018    -0.009     0.027      1.637         3.357       -1.721        4.994
           barlow__batch_size_40__freeze_url_false__epoches_40             0.557 0.001   0.556   0.558 0.001  [0.556 0.558 0.557 0.557 0.557] 1356.704     1.000    1.342     0.909   0.012      0.018    -0.006     0.031      2.273         3.357       -1.084        5.631
           barlow__batch_size_40__freeze_url_false__epoches_50             0.558 0.002   0.556   0.560 0.001  [0.558 0.560 0.558 0.556 0.558]  208.990     1.000    1.429     0.922   0.013      0.018    -0.005     0.031      2.421         3.358       -0.937        5.778
           barlow__batch_size_40__freeze_url_false__epoches_60             0.557 0.002   0.554   0.559 0.002  [0.555 0.558 0.559 0.555 0.557]  108.584     1.000    1.319     0.905   0.012      0.018    -0.006     0.030      2.234         3.358       -1.123        5.592
           barlow__batch_size_40__freeze_url_false__epoches_70             0.558 0.001   0.557   0.559 0.001  [0.557 0.558 0.558 0.558 0.559]  431.868     1.000    1.458     0.926   0.013      0.018    -0.005     0.032      2.469         3.357       -0.888        5.827
           barlow__batch_size_40__freeze_url_false__epoches_80             0.559 0.003   0.556   0.562 0.002  [0.556 0.561 0.557 0.559 0.561]   84.672     1.000    1.551     0.938   0.014      0.018    -0.004     0.033      2.628         3.358       -0.730        5.986
           barlow__batch_size_40__freeze_url_false__epoches_90             0.560 0.002   0.558   0.562 0.002  [0.559 0.562 0.558 0.561 0.559]  177.963     1.000    1.635     0.948   0.015      0.018    -0.003     0.033      2.770         3.358       -0.588        6.127

------------------------------------------------------------------------------------------------------------------------
End of report.     Current time: 2025-02-13 15:31:44
------------------------------------------------------------------------------------------------------------------------