------------------------------------------------------------------------------------------------------------------------
Vector testing report
Params:

Collected 20 files with 0 errors

------------------------------------------------------------------------------------------------------------------------
Metric: "auroc"
                                              scores_valid                                                                                                                                                                                             
                                                      mean  t_pm t_int_l t_int_h   std                           values t_f_stat t_f_alpha t_t_stat t_t_alpha t_delta t_delta_pm t_delta_l t_delta_h t_delta_pp t_delta_pm_pp t_delta_l_pp t_delta_h_pp
model_name feature_name                                                                                                                                                                                                                                
lgbm       coles_gnn_0_5_w_pred_bce__has_orig        0.858 0.012   0.845   0.870 0.010  [0.865 0.868 0.843 0.859 0.852]    1.003     0.433   -0.317     0.377  -0.002      0.010    -0.012     0.009     -0.185         1.206       -1.391        1.022
           coles_gnn_0_5_w_pred_bce__no_orig         0.861 0.015   0.845   0.876 0.012  [0.872 0.873 0.843 0.857 0.858]    0.661     0.238    0.274     0.607   0.001      0.011    -0.009     0.012      0.167         1.259       -1.093        1.426
           coles_gnn_0_9_w_pred_mse__has_orig        0.859 0.014   0.845   0.873 0.011  [0.870 0.871 0.849 0.858 0.847]    0.805     0.327   -0.006     0.498  -0.000      0.011    -0.011     0.011     -0.003         1.232       -1.235        1.228
           coles_gnn_0_9_w_pred_mse__no_orig         0.859 0.012   0.847   0.871 0.010  [0.862 0.874 0.847 0.859 0.855]    1.063     0.462    0.036     0.514   0.000      0.010    -0.010     0.010      0.021         1.201       -1.179        1.222
                                              scores_test                                                                                                                                                                                             
                                                     mean  t_pm t_int_l t_int_h   std                           values t_f_stat t_f_alpha t_t_stat t_t_alpha t_delta t_delta_pm t_delta_l t_delta_h t_delta_pp t_delta_pm_pp t_delta_l_pp t_delta_h_pp
model_name feature_name                                                                                                                                                                                                                               
lgbm       coles_gnn_0_5_w_pred_bce__has_orig       0.875 0.003   0.872   0.878 0.003  [0.874 0.877 0.876 0.871 0.877]    3.837     0.900    0.816     0.789   0.002      0.005    -0.003     0.007      0.218         0.552       -0.334        0.770
           coles_gnn_0_5_w_pred_bce__no_orig        0.867 0.003   0.863   0.870 0.003  [0.864 0.869 0.866 0.865 0.870]    3.549     0.886   -2.785     0.005  -0.007      0.005    -0.011    -0.002     -0.745         0.553       -1.298       -0.192
           coles_gnn_0_9_w_pred_mse__has_orig       0.873 0.004   0.869   0.877 0.003  [0.873 0.875 0.868 0.871 0.876]    2.495     0.806   -0.234     0.408  -0.001      0.005    -0.005     0.004     -0.063         0.560       -0.623        0.496
           coles_gnn_0_9_w_pred_mse__no_orig        0.878 0.002   0.876   0.881 0.002  [0.876 0.881 0.879 0.877 0.880]    6.389     0.958    2.236     0.982   0.005      0.005     0.000     0.010      0.590         0.546        0.044        1.137

------------------------------------------------------------------------------------------------------------------------
Metric: "accuracy"
                                              scores_valid                                                                                                                                                                                             
                                                      mean  t_pm t_int_l t_int_h   std                           values t_f_stat t_f_alpha t_t_stat t_t_alpha t_delta t_delta_pm t_delta_l t_delta_h t_delta_pp t_delta_pm_pp t_delta_l_pp t_delta_h_pp
model_name feature_name                                                                                                                                                                                                                                
lgbm       coles_gnn_0_5_w_pred_bce__has_orig        0.774 0.017   0.757   0.791 0.014  [0.790 0.772 0.754 0.784 0.770]    0.682     0.252   -0.658     0.259  -0.004      0.012    -0.016     0.008     -0.502         1.578       -2.080        1.077
           coles_gnn_0_5_w_pred_bce__no_orig         0.780 0.015   0.765   0.795 0.012  [0.794 0.788 0.763 0.776 0.780]    0.909     0.385    0.448     0.671   0.003      0.012    -0.009     0.014      0.332         1.531       -1.200        1.863
           coles_gnn_0_9_w_pred_mse__has_orig        0.778 0.016   0.762   0.794 0.013  [0.790 0.782 0.771 0.788 0.759]    0.746     0.292    0.034     0.513   0.000      0.012    -0.012     0.012      0.026         1.562       -1.537        1.588
           coles_gnn_0_9_w_pred_mse__no_orig         0.779 0.011   0.768   0.790 0.009  [0.787 0.790 0.770 0.776 0.772]    1.608     0.652    0.204     0.580   0.001      0.011    -0.010     0.013      0.145         1.467       -1.323        1.612
                                              scores_test                                                                                                                                                                                             
                                                     mean  t_pm t_int_l t_int_h   std                           values t_f_stat t_f_alpha t_t_stat t_t_alpha t_delta t_delta_pm t_delta_l t_delta_h t_delta_pp t_delta_pm_pp t_delta_l_pp t_delta_h_pp
model_name feature_name                                                                                                                                                                                                                               
lgbm       coles_gnn_0_5_w_pred_bce__has_orig       0.791 0.008   0.784   0.799 0.006  [0.796 0.790 0.799 0.788 0.783]    2.259     0.776    1.117     0.862   0.005      0.009    -0.004     0.014      0.636         1.177       -0.541        1.813
           coles_gnn_0_5_w_pred_bce__no_orig        0.774 0.010   0.764   0.784 0.008  [0.763 0.782 0.781 0.771 0.771]    1.438     0.605   -2.754     0.006  -0.013      0.009    -0.022    -0.003     -1.605         1.205       -2.810       -0.399
           coles_gnn_0_9_w_pred_mse__has_orig       0.786 0.003   0.783   0.790 0.003  [0.787 0.787 0.783 0.790 0.785]   11.805     0.986   -0.000     0.500  -0.000      0.009    -0.009     0.009     -0.000         1.136       -1.136        1.136
           coles_gnn_0_9_w_pred_mse__no_orig        0.794 0.004   0.790   0.798 0.003  [0.798 0.789 0.795 0.795 0.793]    8.938     0.977    1.760     0.954   0.008      0.009    -0.001     0.017      0.969         1.139       -0.170        2.108

------------------------------------------------------------------------------------------------------------------------
End of report.     Current time: 2024-08-08 12:07:21
------------------------------------------------------------------------------------------------------------------------
