------------------------------------------------------------------------------------------------------------------------
Vector testing report
Params:

Collected 70 files with 0 errors

------------------------------------------------------------------------------------------------------------------------
Metric: "accuracy"
                                                            scores_valid                                                                                                                                                                                             
                                                                    mean  t_pm t_int_l t_int_h   std                           values t_f_stat t_f_alpha t_t_stat t_t_alpha t_delta t_delta_pm t_delta_l t_delta_h t_delta_pp t_delta_pm_pp t_delta_l_pp t_delta_h_pp
model_name feature_name                                                                                                                                                                                                                                              
lgbm       coles__batch_size_40__split_count_2__100_epoches        0.629 0.007   0.622   0.636 0.006  [0.625 0.636 0.635 0.624 0.626]    1.070     0.449    0.706     0.759   0.002      0.006    -0.004     0.008      0.322         0.910       -0.587        1.232
           coles__batch_size_40__split_count_2__10_epoches         0.619 0.006   0.612   0.625 0.005  [0.616 0.620 0.626 0.617 0.614]    1.528     0.626   -2.940     0.002  -0.008      0.006    -0.014    -0.003     -1.332         0.903       -2.234       -0.429
           coles__batch_size_40__split_count_2__110_epoches        0.632 0.007   0.626   0.639 0.005  [0.630 0.637 0.639 0.629 0.626]    1.359     0.571    1.829     0.964   0.005      0.006    -0.000     0.011      0.830         0.905       -0.074        1.735
           coles__batch_size_40__split_count_2__120_epoches        0.630 0.005   0.625   0.635 0.004  [0.631 0.636 0.631 0.625 0.627]    2.349     0.790    1.058     0.853   0.003      0.006    -0.003     0.009      0.476         0.897       -0.421        1.373
           coles__batch_size_40__split_count_2__130_epoches        0.633 0.007   0.626   0.640 0.006  [0.629 0.641 0.637 0.628 0.630]    1.259     0.533    2.099     0.980   0.006      0.006     0.000     0.012      0.954         0.906        0.048        1.861
           coles__batch_size_40__split_count_2__150_epoches        0.632 0.006   0.625   0.638 0.005  [0.628 0.638 0.635 0.626 0.630]    1.512     0.621    1.611     0.944   0.005      0.006    -0.001     0.010      0.730         0.903       -0.173        1.633
           coles__batch_size_40__split_count_2__20_epoches         0.620 0.006   0.614   0.627 0.005  [0.620 0.626 0.623 0.612 0.622]    1.487     0.613   -2.287     0.013  -0.006      0.006    -0.012    -0.001     -1.036         0.903       -1.940       -0.133
           coles__batch_size_40__split_count_2__30_epoches         0.624 0.007   0.617   0.631 0.006  [0.619 0.631 0.627 0.616 0.626]    1.171     0.496   -1.134     0.130  -0.003      0.006    -0.009     0.002     -0.516         0.908       -1.424        0.391
           coles__batch_size_40__split_count_2__40_epoches         0.625 0.009   0.616   0.634 0.007  [0.620 0.635 0.629 0.617 0.624]    0.706     0.238   -0.695     0.245  -0.002      0.006    -0.008     0.004     -0.322         0.922       -1.243        0.600
           coles__batch_size_40__split_count_2__50_epoches         0.626 0.004   0.622   0.630 0.003  [0.621 0.627 0.628 0.629 0.627]    4.148     0.914   -0.243     0.404  -0.001      0.006    -0.006     0.005     -0.109         0.892       -1.001        0.783
           coles__batch_size_40__split_count_2__60_epoches         0.626 0.003   0.623   0.629 0.003  [0.623 0.628 0.629 0.624 0.626]    5.497     0.947   -0.363     0.359  -0.001      0.006    -0.007     0.005     -0.162         0.891       -1.053        0.729
           coles__batch_size_40__split_count_2__70_epoches         0.626 0.007   0.619   0.634 0.006  [0.619 0.633 0.629 0.621 0.630]    1.063     0.446   -0.226     0.411  -0.001      0.006    -0.006     0.005     -0.103         0.910       -1.013        0.807
           coles__batch_size_40__split_count_2__80_epoches         0.627 0.005   0.622   0.632 0.004  [0.624 0.630 0.631 0.621 0.629]    1.977     0.732    0.021     0.508   0.000      0.006    -0.006     0.006      0.009         0.899       -0.890        0.908
           coles__batch_size_40__split_count_2__90_epoches         0.629 0.007   0.622   0.635 0.006  [0.622 0.635 0.633 0.628 0.625]    1.241     0.525    0.566     0.713   0.002      0.006    -0.004     0.007      0.257         0.907       -0.649        1.164
                                                            scores_test                                                                                                                                                                                             
                                                                   mean  t_pm t_int_l t_int_h   std                           values t_f_stat t_f_alpha t_t_stat t_t_alpha t_delta t_delta_pm t_delta_l t_delta_h t_delta_pp t_delta_pm_pp t_delta_l_pp t_delta_h_pp
model_name feature_name                                                                                                                                                                                                                                             
lgbm       coles__batch_size_40__split_count_2__100_epoches       0.634 0.006   0.628   0.640 0.005  [0.634 0.627 0.636 0.639 0.635]    2.314     0.785    1.422     0.920   0.005      0.006    -0.002     0.011      0.725         1.017       -0.291        1.742
           coles__batch_size_40__split_count_2__10_epoches        0.613 0.006   0.607   0.619 0.005  [0.615 0.610 0.612 0.607 0.620]    2.028     0.741   -5.273     0.000  -0.017      0.006    -0.023    -0.011     -2.695         1.018       -3.713       -1.676
           coles__batch_size_40__split_count_2__110_epoches       0.633 0.006   0.627   0.638 0.005  [0.634 0.635 0.631 0.626 0.638]    2.388     0.795    0.986     0.836   0.003      0.006    -0.003     0.010      0.503         1.016       -0.513        1.519
           coles__batch_size_40__split_count_2__120_epoches       0.634 0.002   0.633   0.636 0.001  [0.634 0.635 0.635 0.632 0.636]   25.853     0.997    1.522     0.934   0.005      0.006    -0.001     0.011      0.768         1.005       -0.238        1.773
           coles__batch_size_40__split_count_2__130_epoches       0.631 0.004   0.627   0.635 0.003  [0.626 0.630 0.631 0.632 0.635]    4.820     0.933    0.386     0.650   0.001      0.006    -0.005     0.008      0.196         1.010       -0.814        1.206
           coles__batch_size_40__split_count_2__150_epoches       0.637 0.007   0.630   0.644 0.006  [0.627 0.636 0.639 0.640 0.640]    1.576     0.640    2.136     0.982   0.007      0.006     0.000     0.013      1.096         1.023        0.073        2.118
           coles__batch_size_40__split_count_2__20_epoches        0.625 0.006   0.619   0.631 0.005  [0.624 0.624 0.621 0.633 0.625]    2.198     0.768   -1.338     0.093  -0.004      0.006    -0.011     0.002     -0.683         1.017       -1.700        0.334
           coles__batch_size_40__split_count_2__30_epoches        0.625 0.003   0.622   0.628 0.002  [0.625 0.624 0.625 0.628 0.622]    8.487     0.976   -1.581     0.059  -0.005      0.006    -0.011     0.001     -0.799         1.008       -1.807        0.208
           coles__batch_size_40__split_count_2__40_epoches        0.630 0.007   0.622   0.637 0.006  [0.621 0.636 0.630 0.632 0.629]    1.489     0.614   -0.031     0.488  -0.000      0.006    -0.007     0.006     -0.016         1.024       -1.039        1.008
           coles__batch_size_40__split_count_2__50_epoches        0.628 0.006   0.623   0.634 0.004  [0.627 0.633 0.622 0.626 0.632]    2.489     0.807   -0.488     0.313  -0.002      0.006    -0.008     0.005     -0.249         1.016       -1.265        0.767
           coles__batch_size_40__split_count_2__60_epoches        0.629 0.006   0.623   0.635 0.005  [0.622 0.634 0.625 0.632 0.631]    2.021     0.740   -0.259     0.398  -0.001      0.006    -0.007     0.006     -0.132         1.019       -1.151        0.886
           coles__batch_size_40__split_count_2__70_epoches        0.631 0.005   0.626   0.637 0.004  [0.636 0.628 0.626 0.632 0.635]    2.822     0.840    0.530     0.701   0.002      0.006    -0.005     0.008      0.270         1.014       -0.744        1.284
           coles__batch_size_40__split_count_2__80_epoches        0.631 0.006   0.625   0.637 0.005  [0.635 0.633 0.628 0.636 0.625]    2.284     0.781    0.467     0.679   0.002      0.006    -0.005     0.008      0.238         1.017       -0.779        1.255
           coles__batch_size_40__split_count_2__90_epoches        0.635 0.005   0.629   0.640 0.004  [0.630 0.630 0.638 0.636 0.638]    2.976     0.853    1.530     0.935   0.005      0.006    -0.001     0.011      0.778         1.014       -0.236        1.792

------------------------------------------------------------------------------------------------------------------------
End of report.     Current time: 2024-09-11 21:19:24
------------------------------------------------------------------------------------------------------------------------
